1,,,,1016,1976,28877,8,84,28524,,,,,71,RB,RB,,
2,,,,1264,2306,55719,3,28,55254,,,,,28,LF,LF,,
3,,,,698,1524,37916,18,62,37481,,,,,51,RB,RB,,
4,,,,648,2650,15873,19,129,15567,,,,,50,RB,RB,,
5,,,,1865,2839,33841,13,67,33488,,,,,50,RB,RB,,
6,,,,654,2263,23901,10,29,23479,,,,,69,RB,RB,,
7,,,,518,1354,15263,6,47,14841,,,,,40,RB,RB,,
8,,,,240,891,15638,5,23,15140,,,,,24,RB,RB,,
9,,,,109,1767,24096,3,74,23796,,,,,61,RB,RB,,
10,,,,348,1267,23645,5,41,23439,,,,,41,RB,RB,,
11,,,,560,2381,27836,5,93,27496,,,,,64,LF,LF,,
12,,,,776,2725,18065,6,91,17847,,,,,75,RB,RB,,
13,,,,319,1558,33622,4,52,33297,,,,,44,RB,RB,,
14,,,,180,1045,2582,1,35,2511,,,,,24,RB,RB,,
15,,,,729,2336,22609,10,106,22157,,,,,84,RB,RB,,
16,,,,621,1606,20050,2,59,19786,,,,,56,RB,RB,,
17,,,,759,2050,55696,9,64,54950,,,,,56,LM,LM,,
18,,,,757,3291,28472,7,140,28157,,,,,39,RB,RB,,
19,,,,379,2136,31815,8,66,31518,,,,,54,RB,RB,,
20,,,,684,2184,57170,7,94,56752,,,,,83,RB,RB,,
21,,,,1071,2457,32090,5,101,31723,,,,,62,RB,RB,,
22,,,,269,1540,25422,4,56,25161,,,,,37,RB,RB,,
23,,,,1078,1582,33953,9,40,33543,,,,,22,RB,RB,,
24,,,,310,1471,18685,4,32,18337,,,,,29,RB,RB,,
25,,,,300,1494,28130,3,62,27827,,,,,47,RB,RB,,
26,,,,627,1592,38691,8,31,38142,,,,,27,RB,RB,,
27,,,,1104,1890,52565,6,52,52067,,,,,85,RB,RB,,
28,,,,753,2498,30521,4,137,30126,,,,,88,RB,RB,,
29,,,,383,1431,24371,2,85,23853,,,,,67,RB,RB,,
30,,,,269,2189,330,9,88,0,,,,,75,RB,RB,,
31,,,,814,3060,30401,7,85,30168,,,,,72,RM,RB,,
32,,,,1413,2392,66248,13,83,65320,,,,,71,RB,RB,,
33,,,,414,4497,59994,2,137,59364,,,,,143,YRB,RB,,
34,,,,939,4158,85765,14,140,85176,,,,,104,RB,RB,,
35,,,,818,2193,29140,11,52,28802,,,,,39,RB,ORB,,
36,,,,564,4132,43144,5,164,42598,,,,,129,LF,LF,,
37,,,,954,1663,31283,7,62,30864,,,,,41,RB,RB,,
38,,,,446,2786,44774,10,74,43707,,,,,82,RB,RB,,
39,,,,647,4219,30042,4,218,29583,,,,,157,RB,RB,,
40,,,,2580,2062,63804,32,64,62962,,,,,46,RB,RB,,
43,,,,240,2684,35092,6,94,34773,,,,,68,LF,LF,,
44,,,,1403,2672,52613,19,134,52082,,,,,80,RB,RB,,
45,,,,772,1807,28718,11,70,28458,,,,,44,RB,RB,,
46,,,,294,757,32399,4,15,31792,,,,,12,RB,RB,,
47,,,,1705,2532,72691,10,82,72358,,,,,56,RB,RB,,
48,,,,691,1583,25998,1,62,25783,,,,,46,RB,RB,,
49,,,,2001,2466,45315,12,86,44793,,,,,69,RB,RB,,
50,,,,778,1205,22839,3,20,22584,,,,,21,RB,RB,,
51,,,,927,2116,24886,12,90,24454,,,,,76,RB,RB,,
52,,,,380,1901,31842,2,72,31551,,,,,60,RB,RB,,
53,,,,1591,1336,22062,10,58,21831,,,,,41,RB,RB,,
54,,,,445,2697,50391,6,139,49925,,,,,91,RB,RB,,
55,,,,410,813,20474,2,74,20201,,,,,64,RB,RB,,
56,,,,661,2700,21459,6,116,20842,,,,,82,RB,RB,,
57,,,,944,1670,26242,7,84,25938,,,,,60,RB,RB,,
58,,,,377,2555,20150,5,110,19958,,,,,74,RB,RB,,
59,,,,8,4096,23678,4,32,23670,,,,,0,RB,RB,,
60,,,,1507,2899,22937,6,113,22403,,,,,91,RB,RB,,
61,,,,779,1132,35878,4,66,35533,,,,,51,RB,RB,,
62,,,,1038,2308,62005,6,64,61322,,,,,39,RB,RB,,
63,,,,160,2181,9275,3,90,9030,,,,,63,RB,RB,,
64,,,,670,1278,24837,2,16,24290,,,,,39,RB,RB,,
65,,,,765,2021,51117,10,61,50472,,,,,43,RB,RB,,
66,,,,1064,1527,49827,5,69,49193,,,,,53,RB,RB,,
67,,,,173,1146,15685,2,37,15280,,,,,7,RB,RB,,
68,,,,533,4130,50624,6,188,49770,,,,,138,RB,RB,,
69,,,,572,1141,13991,5,33,13845,,,,,21,RB,RB,,
70,,,,562,1334,28633,9,57,28250,,,,,25,RB,RB,,
71,,,,829,1297,27811,9,41,27322,,,,,32,RB,RB,,
72,,,,529,599,11733,5,101,11733,,,,,0,RB,RB,,
73,,,,531,404,25095,2,9,24508,,,,,9,RB,RB,,
74,,,,151,1476,9121,1,97,8906,,,,,49,RB,RB,,
75,,,,2640,1439,52028,9,85,51455,,,,,62,RB,RB,,
76,,,,836,4261,29078,9,207,28780,,,,,139,RB,RB,,
77,,,,367,2328,23238,5,81,22799,,,,,54,LF,LF,,
78,,,,311,1631,12731,4,58,12537,,,,,62,RB,RB,,
79,,,,330,2443,31011,3,115,30597,,,,,88,RB,RB,,
80,,,,120,845,14282,1,52,14015,,,,,19,RB,RB,,
81,,,,475,2472,42911,3,63,42114,,,,,62,RB,RB,,
82,,,,790,349,39744,4,34,39264,,,,,24,RB,RB,,
83,,,,1246,1284,21594,3,51,21366,,,,,25,RB,RB,,
84,,,,700,1487,40601,9,54,40084,,,,,33,LF,LF,,
85,,,,246,2031,31675,6,52,31213,,,,,39,RB,RB,,
86,,,,538,1282,21827,5,36,21645,,,,,24,RB,RB,,
87,,,,551,1396,23482,5,43,23206,,,,,42,RB,RB,,
88,,,,798,2153,62890,9,72,62414,,,,,61,RB,RB,,
89,,,,1130,2605,52381,16,67,51945,,,,,48,RB,RB,,
90,,,,397,3612,14420,14,229,14108,,,,,111,RB,RB,,
91,,,,558,1891,6444,11,23,6381,,,,,22,RB,RB,,
92,,,,438,2023,16246,4,36,16017,,,,,55,RB,RB,,
93,,,,607,1839,31218,9,46,30852,,,,,37,RB,RB,,
94,,,,27125,2877,25014,26857,85,24524,,,,,94,RB,RB,,
95,,,,1450,6313,29642,13,62,29281,,,,,56,RB,RB,,
96,,,,569,1819,27168,0,4,27138,,,,,7,LF,LF,,
97,,,,1667,361,19812,1,64,19622,,,,,50,LF,LF,,
98,,,,838,4144,30748,10,59,30307,,,,,43,RB,RB,,
99,,,,383,1405,24962,4,42,24687,,,,,27,RB,RB,,
100,,,,472,2194,35132,5,64,34796,,,,,62,RB,RB,,
101,,,,846,2200,27756,6,43,27442,,,,,27,RB,RB,,
102,,,,764,1357,48833,7,58,48295,,,,,77,RB,RB,,
103,,,,324,1314,14987,1,92,14856,,,,,71,RB,RB,,
104,,,,266,1049,17030,7,26,16465,,,,,23,RB,RB,,
105,,,,625,2469,50789,10,102,49961,,,,,70,RB,RB,,
106,,,,354,1819,38838,1,81,38617,,,,,47,RB,RB,,
107,,,,717,3332,28354,4,45,27997,,,,,49,RB,RB,,
108,,,,905,1885,34386,9,21,34023,,,,,53,RB,RB,,
109,,,,591,3549,27924,4,134,27497,,,,,104,RB,RB,,
110,,,,777,2977,50188,7,79,49646,,,,,143,RB,RB,,
111,,,,429,4092,26207,7,159,25854,,,,,103,RB,RB,,
113,,,,439,726,10653,3,55,10601,,,,,37,RB,RB,,
114,,,,1241,2041,36384,4,51,36032,,,,,44,RB,RB,,
115,,,,756,2162,35013,7,52,34490,,,,,39,RB,RB,,
116,,,,547,2018,24192,3,78,23947,,,,,61,RB,RB,,
117,,,,658,2451,5089,5,75,4743,,,,,75,RB,RB,,
118,,,,1572,2409,29049,23,133,28717,,,,,106,RB,RB,,
119,,,,801,1602,29614,9,68,29384,,,,,56,RB,RB,,
120,,,,781,2333,23547,12,88,23115,,,,,58,RB,RB,,
121,,,,980,3150,57627,22,78,56797,,,,,95,RB,RB,,
122,,,,173,3329,30300,3,112,29883,,,,,87,RB,RB,,
123,,,,476,1963,13890,15,99,13383,,,,,61,RB,RB,,
124,,,,598,3134,26109,5,139,25861,,,,,51,RB,RB,,
125,,,,584,1676,29549,8,77,29192,,,,,60,RB,RB,,
126,,,,881,2851,24953,8,183,24498,,,,,185,RB,RB,,
127,,,,836,1744,26538,11,68,26295,,,,,50,RB,RB,,
128,,,,76,625,26811,2,80,26434,,,,,48,RB,RB,,
129,,,,210,2925,25486,2,71,25247,,,,,51,RB,RB,,
130,,,,575,2592,31754,2,67,31451,,,,,60,RB,RB,,
131,,,,498,2298,23502,5,90,23245,,,,,42,RB,RB,,
132,,,,1192,2279,73602,7,58,72998,,,,,47,RB,RB,,
133,,,,515,2126,38307,4,104,37913,,,,,0,RB,RB,,
134,,,,837,2068,28711,11,49,28499,,,,,37,RB,RB,,
135,,,,575,1207,27840,4,31,27371,,,,,18,RB,RB,,
136,,,,1081,2576,36812,12,59,36492,,,,,52,RB,RB,,
137,,,,426,4668,52976,5,181,52562,,,,,155,RB,RB,,
138,,,,1833,3075,60272,12,52,59931,,,,,37,RB,RB,,
139,,,,1159,1212,36942,5,14,36437,,,,,26,RB,RB,,
140,,,,525,2028,19361,9,85,19112,,,,,53,RB,RB,,
141,,,,1124,2681,48381,15,72,47555,,,,,76,RB,RB,,
142,,,,925,2133,39527,15,44,39181,,,,,52,LF,LF,,
143,,,,327,1960,20134,1,21,19360,,,,,6,RB,RB,,
144,,,,605,715,16243,4,28,16094,,,,,24,RB,RB,,
145,,,,421,392,19969,3,63,19731,,,,,37,RB,RB,,
146,,,,613,1983,24431,5,88,24117,,,,,62,RB,RB,,
147,,,,1326,2328,6895,9,54,6433,,,,,61,RB,RB,,
148,,,,479,2873,32521,5,101,32212,,,,,84,RB,RB,,
149,,,,240,2329,43580,3,114,43136,,,,,76,RB,RB,,
150,,,,398,3062,48348,2,120,47976,,,,,91,RB,RB,,
151,,,,480,2816,39597,0,8,39375,,,,,96,RB,RB,,
152,,,,603,5761,38662,11,74,38224,,,,,58,RB,RB,,
153,,,,453,1795,22594,7,78,22393,,,,,66,RB,RB,,
154,,,,999,1712,58209,5,70,57685,,,,,65,RB,RB,,
155,,,,1268,2649,50814,4,61,50500,,,,,51,RB,RB,,
156,,,,1456,2414,82787,7,172,82316,,,,,112,RB,RB,,
157,,,,364,2435,29108,8,94,28661,,,,,92,RB,RB,,
158,,,,328,1701,32288,3,69,31995,,,,,47,RB,RB,,
159,,,,561,2496,35740,8,78,35482,,,,,76,RB,RB,,
160,,,,170,1139,24797,1,46,24462,,,,,37,RB,RB,,
240,,,,709,1468,40464,6,65,40214,,,,,52,RB,RB,,
241,,,,1443,1407,20443,4,75,20172,,,,,56,RB,RB,,
242,,,,1192,2739,38507,19,101,37972,,,,,87,RB,RB,,
243,,,,175,3060,36421,2,178,36028,,,,,117,RB,RB,,
244,,,,152,570,16521,4,54,16196,,,,,40,RB,RB,,
245,,,,1044,2068,81027,3,117,80672,,,,,90,RB,RB,,
246,,,,319,1443,20978,3,63,20608,,,,,47,RB,RB,,
247,,,,472,1834,33618,4,70,33090,,,,,55,RB,RB,,
248,,,,382,2759,35467,2,111,35194,,,,,92,RB,RB,,
249,,,,891,2869,55953,7,111,55315,,,,,84,RB,RB,,
250,,,,407,1846,18265,5,85,17822,,,,,62,RB,RB,,
251,,,,497,1756,38613,5,79,38036,,,,,57,RB,RB,,
252,,,,1117,2566,60598,8,82,59404,,,,,36,RB,RB,,
253,,,,120,2652,40048,1,126,39642,,,,,100,RB,RB,,
254,,,,357,2836,40716,3,23,40518,,,,,69,RB,RB,,
255,,,,411,1954,29936,6,130,29622,,,,,97,RB,RB,,
256,,,,653,2561,24905,2,108,24752,,,,,95,ORB,ORB,,
257,,,,630,2943,53473,5,56,53101,,,,,50,RB,RB,,
258,,,,463,2477,34936,4,121,34594,,,,,90,RB,RB,,
259,,,,287,2412,31335,5,110,30822,,,,,104,RB,RB,,
260,,,,309,1068,14287,9,44,13967,,,,,51,RB,RB,,
261,,,,2024,2598,24002,18,119,23726,,,,,81,RB,RB,,
262,,,,762,1987,42783,5,99,42492,,,,,57,RB,RB,,
263,,,,672,2282,26964,9,73,26660,,,,,55,RB,RB,,
264,,,,1235,2141,42966,9,77,42522,,,,,58,RB,RB,,
265,,,,1579,3379,93626,5,83,93202,,,,,68,RB,RB,,
266,,,,598,2296,21953,6,114,21693,,,,,86,RB,RB,,
267,,,,580,3015,27664,6,118,27275,,,,,0,RB,RB,,
268,,,,532,2765,40573,4,74,40296,,,,,62,RB,RB,,
269,,,,808,3728,14825,3,94,14705,,,,,71,RB,RB,,
270,,,,895,1489,53441,6,70,52920,,,,,40,RB,RB,,
271,,,,632,2971,74697,6,135,74366,,,,,86,RB,RB,,
272,,,,252,2171,17169,3,132,16893,,,,,61,RB,RB,,
273,,,,1836,2028,48392,20,72,47743,,,,,49,RB,RB,,
274,,,,619,2860,42268,204,135,41933,,,,,98,RB,RB,,
275,,,,1195,2380,32533,17,80,32095,,,,,65,RB,RB,,
276,,,,363,4327,25192,4,192,24720,,,,,155,RB,RB,,
277,,,,3150,1358,25609,3,40,25411,,,,,34,RB,RB,,
278,,,,1549,1672,39971,5,84,39418,,,,,73,RB,RB,,
279,,,,1555,1783,53832,0,11,53702,,,,,20,RB,RB,,
280,,,,578,2251,38521,10,150,38226,,,,,72,RB,RB,,
281,,,,2092,1552,35275,7,69,34991,,,,,51,RB,RB,,
282,,,,401,764,20938,3,30,20741,,,,,35,RB,RB,,
283,,,,230,2524,47875,2,150,47370,,,,,103,RB,RB,,
284,,,,915,1878,46889,3,71,46351,,,,,57,RB,RB,,
285,,,,613,1885,33127,10,91,33127,,,,,81,RB,RB,,
286,,,,600,2092,27652,8,74,27396,,,,,60,RB,RB,,
287,,,,1222,2919,24172,11,76,23947,,,,,54,RB,RB,,
288,,,,248,385,23523,2,46,23334,,,,,31,RB,RB,,
289,,,,664,2209,42034,5,94,41480,,,,,52,RB,RB,,
290,,,,635,3649,29139,8,55,28811,,,,,166,RB,RB,,
291,,,,80,3563,33498,3,137,33202,,,,,74,RB,RB,,
292,,,,353,1568,33620,1,77,33278,,,,,86,RB,RB,,
293,,,,158,1619,16020,5,180,15756,,,,,105,RB,RB,,
294,,,,1804,1077,36111,4,54,35745,,,,,39,RB,RB,,
295,,,,492,1333,34438,8,26,33988,,,,,23,RB,RB,,
296,,,,891,1593,34592,9,44,34095,,,,,31,RB,RB,,
297,,,,1320,453,26184,7,25,25815,,,,,15,RB,RB,,
298,,,,1934,1611,17289,14,60,17084,,,,,50,RB,RB,,
299,,,,1028,5158,19741,7,3084,19530,,,,,60,RB,RB,,
300,,,,936,1035,40183,8,56,39667,,,,,47,RB,RB,,
301,,,,1054,832,38575,7,57,38274,,,,,36,RB,RB,,
302,,,,579,1002,10628,14,51,10284,,,,,67,RB,RB,,
303,,,,1114,753,22827,7,56,22529,,,,,44,RB,RB,,
304,,,,2084,863,53515,12,72,53138,,,,,53,RB,RB,,
305,,,,720,4796,33624,8,95,33125,,,,,86,RB,RB,,
306,,,,1348,2514,22833,10,101,22576,,,,,82,RB,RB,,
307,,,,696,1442,24828,7,54,24468,,,,,31,RB,RB,,
308,,,,499,3141,23927,6,34,23592,,,,,48,RB,RB,,
309,,,,953,2722,54739,9,81,54275,,,,,64,RB,RB,,
310,,,,71,1435,15214,1,8,15214,,,,,0,RB,RB,,
311,,,,1311,2422,35986,16,85,35578,,,,,67,RB,RB,,
312,,,,1552,2492,62463,10,55,61660,,,,,47,RB,RB,,
313,,,,1164,2498,29692,3,115,29392,,,,,92,RB,RB,,
314,,,,825,1779,42045,5,71,41495,,,,,42,RB,RB,,
315,,,,644,1540,18523,2,44,18364,,,,,8,RB,RB,,
161,,,,760,2131,7853,11,89,7459,,,,,0,RB,RB,,
162,,,,385,2354,64184,3,80,63798,,,,,70,RB,RB,,
163,,,,457,1338,23832,5,42,23566,,,,,33,RB,RB,,
164,,,,319,889,6260,3,21,6102,,,,,20,RB,RB,,
165,,,,538,2538,33485,4,76,33216,,,,,63,RB,RB,,
166,,,,689,3081,5392,10,191,5001,,,,,120,RB,RB,,
167,,,,949,1788,21697,4,68,21402,,,,,51,RB,RB,,
168,,,,16,2625,33663,8,164,33005,,,,,127,RB,RB,,
169,,,,317,2433,34110,3,63,33821,,,,,54,RB,RB,,
170,,,,7,2770,41352,4,155,40602,,,,,88,RB,RB,,
171,,,,417,1548,17550,5,45,17330,,,,,111,RB,RB,,
172,,,,1072,2998,25145,15,115,24732,,,,,97,RB,RB,,
173,,,,593,1305,23376,5,39,23051,,,,,35,RB,RB,,
174,,,,1397,2856,21961,14,166,21560,,,,,178,RB,RB,,
175,,,,533,1701,26511,4,70,26202,,,,,50,RB,RB,,
176,,,,398,6178,16162,10,90,15897,,,,,101,RB,RB,,
177,,,,1028,976,15716,6,25,15272,,,,,36,RB,RB,,
178,,,,496,1974,28331,5,77,27923,,,,,59,RB,RB,,
179,,,,678,1952,30351,10,46,29878,,,,,43,RB,RB,,
180,,,,1504,3131,43785,8,117,43272,,,,,98,RB,RB,,
181,,,,400,1202,26252,31,76,25738,,,,,26,RB,RB,,
182,,,,1432,2174,30830,11,74,30343,,,,,64,RB,RB,,
183,,,,659,2477,25201,6,119,24856,,,,,95,RB,RB,,
184,,,,966,1420,30137,10,63,29847,,,,,48,RB,RB,,
185,,,,2501,1909,23021,10,66,22749,,,,,56,RB,RB,,
186,,,,667,2383,31545,7,71,31092,,,,,58,RB,RB,,
187,,,,1042,1790,42488,3,54,42096,,,,,43,RB,RB,,
188,,,,697,1631,40238,6,48,40211,,,,,45,RB,RB,,
189,,,,933,1498,49275,10,47,48778,,,,,36,RB,RB,,
190,,,,708,1532,29271,8,55,28953,,,,,41,RB,RB,,
191,,,,1047,1800,27959,11,72,27552,,,,,66,RB,RB,,
192,,,,1379,1944,38602,12,87,38243,,,,,55,RB,RB,,
193,,,,517,2186,57434,2,132,57039,,,,,102,RB,RB,,
194,,,,1001,3622,31326,8,103,30970,,,,,94,RB,RB,,
195,,,,765,3792,21202,21,66,20769,,,,,55,RB,RB,,
196,,,,1482,732,44482,-10,66,43975,,,,,65,RB,RB,,
197,,,,1698,2263,22097,9,42,21607,,,,,30,RB,RB,,
198,,,,226,2391,26814,3,122,26561,,,,,103,RB,RB,,
199,,,,758,1939,29118,0,86,28813,,,,,109,RB,RB,,
200,,,,989,1024,12051,9,56,11761,,,,,45,RB,RB,,
201,,,,293,1678,5636,6,58,5400,,,,,47,RB,RB,,
202,,,,568,1164,22187,5,81,21793,,,,,62,RB,RB,,
203,,,,929,2063,20034,9,75,19631,,,,,58,RB,RB,,
204,,,,545,3710,31022,5,124,30589,,,,,102,LF,LF,,
205,,,,780,2491,15602,2,91,15412,,,,,58,RB,RB,,
206,,,,198,3422,12451,2,128,12098,,,,,103,RB,RB,,
207,,,,1599,3160,54866,13,56,54234,,,,,58,RB,RB,,
208,,,,171,2593,21636,3,116,21335,,,,,89,RB,RB,,
209,,,,902,3197,26048,6,66,25475,,,,,46,RB,RB,,
210,,,,1168,1708,26239,11,11,26213,,,,,62,LF,LF,,
211,,,,2387,3369,44835,16,72,44111,,,,,57,RB,RB,,
212,,,,464,2099,52684,5,85,52493,,,,,30,RB,RB,,
213,,,,854,1925,25497,15,55,25238,,,,,45,RB,RB,,
214,,,,406,1167,68660,1,8,66898,,,,,3,RB,RB,,
215,,,,921,2749,24653,5,141,24352,,,,,96,RB,RB,,
216,,,,2007,3277,30676,12,98,30265,,,,,86,RB,RB,,
217,,,,992,1778,64102,0,79,63447,,,,,56,RB,RB,,
218,,,,763,4000,27041,13,178,26690,,,,,139,RB,RB,,
219,,,,645,2386,24888,7,108,24640,,,,,77,RB,RB,,
220,,,,359,4213,36637,1,93,36381,,,,,95,RB,RB,,
221,,,,1705,3031,61224,13,74,60554,,,,,58,RB,RB,,
222,,,,478,1484,25445,5,29,25136,,,,,31,RB,RB,,
223,,,,201,2100,24208,2,53,24075,,,,,38,RB,RB,,
224,,,,494,2440,38617,8,106,38222,,,,,69,RB,RB,,
225,,,,946,2599,34943,12,132,34507,,,,,74,RB,RB,,
226,,,,1193,2813,29785,12,47,29034,,,,,41,RB,RB,,
227,,,,651,2927,25937,6,38,25580,,,,,26,RB,RB,,
228,,,,157,1212,23185,1,11,22877,,,,,10,RB,RB,,
229,,,,518,1854,34707,4,3,34473,,,,,10,RB,RB,,
230,,,,307,2204,40685,4,90,40252,,,,,73,RB,RB,,
231,,,,1222,2058,47680,17,96,47135,,,,,77,RB,RB,,
232,,,,383,2229,34986,8,159,34554,,,,,77,YRB,RB,,
233,,,,730,1350,19853,5,86,19615,,,,,63,RB,RB,,
234,,,,393,2162,34844,3,130,34515,,,,,60,RB,RB,,
235,,,,336,2266,30162,1,105,29778,,,,,87,RB,RB,,
236,,,,688,2561,41658,7,147,41193,,,,,96,RB,RB,,
237,,,,369,3151,12546,4,120,12293,,,,,98,RB,RB,,
238,,,,1088,2743,45582,9,61,45086,,,,,40,RB,RB,,
239,,,,974,3636,27087,9,92,26683,,,,,66,RB,RB,,
